SetDesc: 'CT14-CMSdijet5TeV fit: for nucleus (1, 1): mem=0 => central value; mem 1-1 => 90% eigenvector set.'
SetIndex: 1001
Authors: How should I know
Reference: arxiv:XXX.xxxx
Format: lhagrid1
DataVersion: 1
NumMembers: 1
Particle: 2212
Flavors: [-5,-4,-3,-2,-1,1,2,3,4,5,21]
OrderQCD: 1
FlavorScheme: variable
NumFlavors: 5
ErrorType: symmHessian
ErrorConfLevel: 90
XMin: 5e-06
XMax: 1
QMin: 1.30001
QMax: 10000
MZ: 91.188
MUp: 0
MDown: 0
MStrange: 0
MCharm: 1.3
MBottom: 4.75
MTop: 172
AlphaS_MZ: 0.118001
AlphaS_OrderQCD: 1
AlphaS_Type: ipol
AlphaS_Qs: [1.300001e+00,1.494260e+00,1.736730e+00,2.042900e+00,2.434360e+00,2.941690e+00,3.608810e+00,4.500000e+00,5.866040e+00,7.828770e+00,1.071920e+01,1.509180e+01,2.190300e+01,3.285630e+01,5.109270e+01,8.262520e+01,1.394400e+02,2.465070e+02,4.583780e+02,9.005800e+02,1.878640e+03,4.183110e+03,1.000000e+04]
AlphaS_Vals: [3.719122e-01,3.441014e-01,3.186854e-01,2.953731e-01,2.739404e-01,2.541904e-01,2.359779e-01,2.190805e-01,2.031909e-01,1.886329e-01,1.750509e-01,1.623804e-01,1.505735e-01,1.395673e-01,1.293223e-01,1.197814e-01,1.109074e-01,1.026526e-01,9.498141e-02,8.785279e-02,8.123289e-02,7.508884e-02,6.938693e-02]
AlphaS_Lambda4: 0.326
AlphaS_Lambda5: 0.226
